nx = 41
ny = 10
x= -2 -1.9 -1.8 -1.7 -1.6 -1.5 -1.4 -1.3 -1.2 -1.1 -1 -0.9 -0.8 -0.7 -0.6 -0.5 -0.4 -0.3 -0.2 -0.1 0 0.1 0.2 0.3 0.4 0.5 0.6 0.7 0.8 0.9 1 1.1 1.2 1.3 1.4 1.5 1.6 1.7 1.8 1.9 2 
y[-2] =-1.81645 -3.7759 -2.60965 -0.830815 -4.0472 -3.40552 -0.326546 -2.0072 -0.860156 -1.79782 
y[-1.9] =-4.01167 -2.27455 -1.06207 -0.484601 -0.649112 -2.35387 -3.3895 -2.23645 -3.76502 -1.06542 
y[-1.8] =-1.35176 -0.891139 -0.241057 -0.58859 -1.48939 -0.795 -0.915275 -0.867038 -1.10135 -1.08138 
y[-1.7] =1.75021 1.64931 1.00137 1.75878 0.760305 1.13983 1.41164 0.513788 1.61978 1.15204 
y[-1.6] =3.80198 3.7895 3.84784 3.7774 3.78061 3.79799 3.79173 3.80719 3.78726 3.79272 
y[-1.5] =5.98073 5.53565 5.62728 6.20529 5.90356 5.62499 5.84729 6.00623 5.95311 5.772 
y[-1.4] =6.31893 7.28146 8.40783 6.74418 7.45551 7.38551 6.29268 6.79096 6.78705 6.84581 
y[-1.3] =7.09946 6.02216 6.30077 5.09422 6.7283 5.4528 7.03905 6.30518 5.54769 7.00202 
y[-1.2] =6.41988 5.46988 6.6797 5.13053 4.46864 6.19603 5.4142 7.48577 6.21449 3.01395 
y[-1.1] =1.5551 5.02702 -0.0637992 -0.644397 3.69295 0.470269 2.6175 1.60209 0.819496 2.24926 
y[-1] =0.395356 -4.59204 -3.68981 0.714509 -4.14291 -1.00674 -2.69545 2.28368 -2.53263 -2.27844 
y[-0.9] =-4.61637 -11.1722 -4.57873 -9.12339 -6.05271 -6.27573 -6.78028 -9.90062 -5.79791 -6.63119 
y[-0.8] =-8.66922 -7.71455 -9.75425 -12.3579 -14.2935 -9.83478 -10.611 -11.9509 -11.816 -11.3345 
y[-0.7] =-13.0994 -15.1338 -14.7751 -12.0376 -16.892 -5.34182 -17.8787 -15.9656 -12.1294 -18.6092 
y[-0.6] =-19.1284 -19.1136 -22.2772 -17.5622 -17.0209 -18.6938 -18.4882 -16.9658 -15.4059 -7.10736 
y[-0.5] =-17.7696 -20.2099 -15.1471 -17.127 -15.5875 -21.357 -15.8667 -24.2477 -17.7554 -19.133 
y[-0.4] =-14.3238 -13.0313 -20.5295 -17.2864 -17.4949 -14.4738 -19.3716 -18.4516 -15.9481 -14.1269 
y[-0.3] =-15.4128 -11.4431 -13.9898 -17.8916 -15.5412 -19.2867 -16.2882 -14.1049 -14.7463 -13.2663 
y[-0.2] =-3.76376 -13.1066 -10.5106 -9.20622 -10.9274 -7.77858 -10.9552 -10.4686 -7.67187 -6.494 
y[-0.1] =-3.50739 -6.38993 -11.8943 -5.73004 -8.11545 0.62856 -11.2552 -8.38428 -11.4516 -6.61373 
y[0] =4.35484 -1.24007 -2.17602 -4.42398 0.347883 -0.171051 -7.17847 -0.89258 -4.0665 -1.49507 
y[0.1] =8.96493 9.21281 -1.51605 3.40746 6.368 5.74222 2.67807 5.01783 4.27919 8.19912 
y[0.2] =7.98093 14.8578 4.88883 5.94852 15.0161 5.88912 8.8528 8.48132 3.77733 10.7408 
y[0.3] =14.1811 13.4199 14.127 16.9068 15.577 9.33867 13.3794 18.4113 13.1024 12.6641 
y[0.4] =11.5414 18.2142 14.5217 14.2734 13.0652 17.4333 19.7892 13.296 16.4089 19.4879 
y[0.5] =20.8218 16.0913 16.5932 18.4667 17.9781 18.2282 18.6822 14.2235 15.1927 16.9228 
y[0.6] =13.0692 16.8016 18.8664 9.40259 15.3163 14.3358 13.4741 16.0592 16.9107 19.3619 
y[0.7] =13.8802 16.4559 11.2453 15.571 14.0523 11.3221 11.1616 15.6521 15.2757 12.6052 
y[0.8] =10.518 11.8707 9.96808 6.60699 10.2113 8.39087 9.80113 9.85503 8.58731 9.88316 
y[0.9] =9.2925 3.96897 5.26662 6.37774 6.28749 6.83799 3.64773 8.1893 4.09002 10.336 
y[1] =3.76306 0.313101 1.86444 0.640031 1.19759 2.21323 -0.846292 0.0103531 2.35809 5.93201 
y[1.1] =-1.06647 -1.02095 -3.01212 -1.76591 -1.06934 -0.606171 -2.14228 -1.13442 -0.203628 -1.8862 
y[1.2] =-4.18632 -3.57019 -3.27963 -3.56863 -4.59128 -5.89169 -4.09305 -5.09337 -5.79173 -3.6244 
y[1.3] =-4.91562 -6.49922 -4.88491 -7.99319 -5.50332 -5.51295 -5.9125 -6.45901 -7.92102 -5.23765 
y[1.4] =-6.17146 -6.93884 -6.37928 -6.88555 -7.85466 -6.34245 -6.70649 -6.72241 -6.79258 -7.14755 
y[1.5] =-6.38641 -6.59861 -6.71958 -6.51011 -6.61352 -6.52636 -6.55163 -6.49555 -6.37272 -6.62745 
y[1.6] =-5.78475 -5.40325 -5.41306 -5.40121 -5.19049 -5.40572 -5.47818 -5.5182 -5.54815 -5.76456 
y[1.7] =-3.50494 -4.31101 -3.91463 -4.48087 -3.37838 -4.27615 -4.42362 -3.42327 -4.3102 -3.95839 
y[1.8] =-1.53924 -2.33995 -2.2231 -3.82091 -1.99453 -1.97067 -2.41676 -2.34541 -3.41631 -3.2357 
y[1.9] =-1.38236 -1.10314 -1.30379 -1.75242 0.0748237 -2.44684 -1.31773 -2.42838 1.24628 -2.39599 
y[2] =0.359045 -2.07207 -1.21957 0.256162 1.2937 3.07229 -0.549716 0.506822 1.31626 -0.0438095 
